$ANSIBLE_VAULT;1.1;AES256
37653566383332333238336135656635323333333961653439373161386365633530333861626131
3330343363666438363331303436623366373637386536310a613733633732656535323231323531
39363261613339313866323034343764616263316165383033353162633837653839616131353630
3733646365393631630a663836316465353163313463373762663938343832383765633033386235
63643262623434646166643834333132383665653939353230376261383937653234313239336361
38646633653561306630333537643436613732383539393664363233336438343239393238653735
34646338373237383662643738383631646337316232623533306431666637393836636330663161
39396131383931366235333466313933323931373139616138326265633062623432313939636137
38383232663532303565303337306434316239613232333365613463396664306434336534666361
62353665373336396335323763316562626130396163653738306230376133343833336638666438
39313834303932306331316637643961386161373563313337656336613366366536333035343336
35636433633338616532323436663734646531333733303838366132383230653065333231326261
33363935313930363638303637613836323661363938366336336233646164346366
